Nucleotide	Sequence	Modification	logpval	percentdecrease	logdiff
5	U		3.908086997	-0.835509028	1.232336916
6	G		3.691174679	-1.536136507	0.595943627
7	G		4.669492495	-1.410938608	0.482520077
8	U		1.738273923	0.332290635	-0.154016352
9	U		1.654735014	0.469307768	-0.779981282
11	A		1.702448513	0.282197813	0.462975908
12	U		1.848765756	0.196039381	0.211568708
13	C		1.187839416	-0.148205127	0.251245278
15	U		2.597169752	-1.153395657	1.159086278
16	G		0.125184362	-0.040721095	0.000346245
19	A		0.654435807	-0.051731912	0.049910537
20	G		1.539479479	0.052177612	-0.181479876
21	U		1.182711803	-0.231965306	0.317854111
22	A		1.365787756	-0.635225701	-0.057328264
24	C		3.86440287	-0.892434374	0.320939027
25	A		5.472609267	-0.940314035	0.900542285
26	U		2.923643914	0.225980382	0.627283927
27	A	Nm	7.502037756	1.187069131	-1.604129476
28	U		0.016197565	-0.002055004	0.260430194
29	G		2.082038674	0.194907275	-0.393549186
30	C		5.017816024	0.323782836	-0.760005119
31	U		5.757571674	0.520909237	-1.216726543
32	U		2.777070753	-0.423834203	0.086833518
33	G		4.342654262	0.324830967	-0.389256538
35	C		4.292302846	0.407797565	-0.184935164
36	U	Psi	7.96922347	0.867935059	-1.705625564
37	C		3.337203045	0.435095009	-0.846778604
38	A		0.891609416	0.086120247	-0.322117927
39	A		0.585033458	-0.069529498	0.054945669
41	G		3.15931151	-0.295785443	0.061785978
42	A		3.460348025	-0.356773661	0.204347803
43	U		2.017066919	-0.100012849	-0.243482265
44	U		2.144153354	-0.128108288	-0.094759523
45	A		0.92344353	-0.144668778	0.119823733
46	A		0.828598834	-0.100259537	-0.185460565
47	G		0.954359339	-0.1388771	-0.158660196
48	C		1.564870307	-0.406540565	0.031213115
49	C		1.600802509	-0.297259213	-0.261222721
50	A		2.127451711	-0.204641817	0.305037025
51	U		0.660931986	-0.552731147	0.033278827
52	G		0.089544379	-0.011962968	-0.296647636
61	A		0.580105429	0.110301479	-0.23480438
62	G		0.543707047	-0.048863339	-0.276567562
63	U		0.181130237	-0.032428901	-0.247488892
64	A		1.198432851	-0.118817496	0.05199414
65	C		0.573964872	-0.091741813	-0.324318841
66	G		2.200877112	-0.243120437	0.026042458
67	C		4.068384901	-0.163633737	-0.120547344
68	A		1.092321149	-0.062178224	0.233935793
69	C		0.913663838	-0.927158108	0.638974934
70	G		2.74822385	-0.123973095	-0.04775645
71	G		2.014372608	-0.28763771	-0.031029543
72	C		1.835087926	-0.132658112	0.0656807
73	C		2.060384092	-0.650534449	0.69048191
74	G		0.624412802	0.071522332	-0.278400664
75	G		2.323152152	-0.316259961	-0.046230803
76	U		3.167413864	-0.414451096	-0.14941654
77	A		3.102435719	-0.271514323	0.240924834
79	A		0.545315731	-0.073812055	0.069716708
80	G		0.133721349	0.029482793	-0.23138362
81	U		0.275142473	-0.028456438	-0.489373587
82	G		1.247563345	0.126316741	-0.577655417
83	A		1.836040326	0.094030489	-0.155950496
84	A		0.701325858	0.020246718	-1.120295391
85	A		3.332666803	-0.38671114	0.223096635
86	C		3.24166313	-0.316162805	0.102156549
87	U		4.808641568	-0.217526261	-0.195413258
88	G		6.465899422	-0.421162993	-0.079444727
89	C		0.70702421	-0.110984346	-0.217176314
90	G		4.452485429	0.2739023	-1.212970887
91	A		0.350114072	-0.02479152	0.208832512
92	A		6.433900251	0.213436191	-0.223278587
93	U	Psi	10.09495864	0.877769184	-2.005441218
94	G		1.138622344	0.066341991	-0.527225572
95	G		0.943646413	0.45559992	-0.363598057
96	C		3.385400488	-0.474056166	-0.193927309
97	U		3.129064685	0.179942508	0.349059259
99	A	Nm	7.625914208	0.905135246	-1.084000421
100	U		1.515856788	-0.110937908	0.308214973
101	U		4.942370746	0.321430657	-0.647644911
102	A		2.024969041	-0.32808153	0.213166887
103	A		8.302835466	0.649014907	-0.969247482
104	A		8.21526316	0.542668267	-0.761949181
105	U	Psi	8.433949206	0.86551821	-1.584856735
106	C		3.326533856	0.360018079	-0.661891795
107	A		0.223461448	-0.07556331	-0.088593878
108	G		3.547887479	0.20919603	-0.238279858
109	U	Psi	6.490141597	0.633870061	-0.683302841
110	U		7.155149381	0.309738812	-0.705680989
111	A		0.156945327	0.010245228	-0.012556501
112	U		3.931265805	-0.341162027	-0.020458948
113	G		2.048020493	0.063541333	-0.587445626
114	G		1.973104975	-0.123934078	-1.156387171
115	U		7.37493866	-1.155913708	1.160580604
116	U	Nm	12.49705948	0.982473765	-2.182763084
117	C		4.935742898	-0.520724433	0.661521771
119	U	Psi	10.22532436	0.782875625	-0.679198487
120	U		9.640641976	-1.452280603	1.150283402
121	U	Nm	8.461651331	0.977237427	-2.337437052
122	G		8.499827004	-0.608106791	0.75775813
123	G		4.936946584	-0.1718148	-0.326247204
124	U		3.916361146	-0.349730104	-0.199273626
125	C		3.409724749	-0.127545586	-0.178028584
126	G		0.703669855	0.054008243	-0.428459622
127	C		1.52650572	-0.069403903	-0.237084235
128	U		2.486266005	-0.077190538	-0.321889732
130	G		0.310495747	-0.025069875	-0.284329158
131	C		0.240169615	-0.031028914	-0.130803567
132	U		4.618714621	0.088167028	-0.575060863
133	C		0.370570156	0.045664823	-0.314556288
135	U		3.223459081	0.096323651	-0.460062383
137	U		0.069675315	-0.004217722	-0.334605124
138	C		1.678640216	0.151748335	-0.390835675
140	U		1.095084441	0.2343569	-0.476048998
141	A		0.975841009	-0.0309047	-0.016108648
142	C		2.79210394	-0.087749368	-0.105509805
143	U		1.020700362	-0.056171169	-0.224452813
144	U		1.913907973	-0.153547352	-0.272660875
145	G		2.115959614	-0.381143829	-0.154185486
146	G		0.493937351	-0.058313164	-0.389057838
147	A		0.113505587	0.013370397	-0.064221945
148	U		0.213016138	0.015472481	-0.414778173
149	A		2.463727685	0.137686485	-0.373643957
150	A		1.120381662	0.140643323	-0.270945365
151	C		3.477568277	0.251688716	-0.435629103
152	U		4.128939607	0.093689036	-0.28601079
153	G		2.624855235	-0.098101881	-0.05600647
154	U		2.898533972	-0.156920195	-0.342212089
155	G		0.580912038	-0.031202254	-0.002315161
156	G		6.975675245	-0.787282492	0.670980144
157	U		4.274378333	-0.369191999	0.429002014
158	A		3.502799649	0.290690762	-0.221808775
159	A	Nm	10.67268081	0.858387468	-1.007242772
160	U		5.787545378	0.411317812	-0.259696357
161	U		2.309697374	0.175059625	-0.366322661
162	C		2.514034582	0.212902629	-0.433080813
163	U		1.930512099	0.091345657	0.147690775
164	A		0.4284973	0.041694507	0.183130499
165	G		3.219635522	0.310005893	-0.068551222
166	A	Nm	6.674645355	1.050000483	-1.808852771
167	G		1.448087999	0.115267178	0.221269014
168	C		4.670683364	0.790896797	-0.773340932
169	U		0.06920003	0.020297077	-1.03580319
170	A		0.046796424	0.011873446	0.151675865
171	A		6.027488075	0.502079874	-0.563011778
172	U	Nm	9.66889181	0.987914933	-2.751581716
173	A		5.71230548	0.588736924	-0.817486574
174	C	Nm	11.65846642	0.884668074	-1.917901155
175	A		3.038424561	0.191191635	-0.204668975
176	U		3.150898963	0.081418329	-0.379346245
177	G		1.193656797	0.057716192	-0.438071743
178	C		0.8255978	-0.167937451	-0.037779372
179	C		0.015663402	-0.004361391	-0.21987154
180	G		3.863876168	0.348714654	-0.633662786
181	A		2.737391545	0.078259112	-0.267247514
182	C		0.212024674	0.018328587	-0.056475834
183	G		0.172601545	0.018949985	-0.344500884
184	G		4.569276448	-0.507161202	-0.199855179
185	G		0.371764242	-0.170789062	-0.167748404
186	C		0.291342896	0.019673998	0.055451465
187	G		0.509976161	0.443914508	-0.161988111
189	U		1.716289085	0.354118782	-0.613245485
190	G		3.326425428	0.46838828	-0.840191778
191	A		7.115557831	0.301611302	-0.374504136
196	C		0.093568384	0.025320497	-0.062055981
197	U		0.299352153	-0.025918165	-0.283828751
198	U		0.502689256	-0.040178125	-0.353213041
199	C		0.256042493	0.052785356	-0.169218523
200	G		0.015222425	0.001866183	-0.225037017
201	C		0.08830333	-0.066895339	-0.069568897
202	G		0.128357848	0.108318791	-0.083839149
207	G		2.173579195	0.596600259	-0.684722715
209	A		1.480503461	-0.103160403	0.287977608
210	U	Psi	3.819206154	0.722959307	-1.15025383
211	G		1.370821392	0.097826988	-0.614835539
212	C		4.100289951	0.21516703	-0.396013069
213	G		4.511305723	0.23018118	-0.394281207
214	U		5.249943069	0.252662765	-0.550496326
215	G		1.872087923	0.212840143	-0.443134744
217	A		1.780963035	0.175978642	0.487322368
218	U	Psi	5.843197044	0.431418708	-0.66128636
219	U		3.426945641	-0.329058887	-0.400199556
220	U		0.266335538	-0.034240981	-0.289105819
221	A		1.808322334	0.112824287	-0.04300293
222	U		2.627476451	0.088927639	-0.415434318
223	C		4.37631813	-0.311636358	0.407468519
224	A		0.469330295	-0.056012411	0.048167373
225	G		0.862570722	-0.049828453	-0.23195425
226	A		1.339526671	-0.580736195	0.533956868
227	U		1.319199667	0.060674367	-0.400443805
228	C		0.855808674	-0.059651038	0.20413343
229	A		6.49964803	-1.775452628	1.030648283
230	A		1.61529437	-0.039649635	-0.112098943
232	A		2.030852574	-0.384547026	0.087228097
233	C		0.529898626	-0.058222056	-0.27507628
234	C		1.395059697	-0.184991735	-0.141272977
235	A		0.031292775	-0.0060728	0.215270227
236	A		1.982548935	0.083143288	-0.607936205
237	C		1.506254466	-0.213452092	-0.194465868
238	C		4.027662415	-0.727962432	0.129149262
240	G		1.031418484	-0.38554021	-0.00934496
241	G		4.061027673	-0.36018354	-0.151908177
242	U		3.109824816	-0.394626462	-0.136304682
244	A		4.661222972	-0.466476814	-0.114848169
245	G		1.398718527	-1.32912924	0.313020428
250	U		0.144715241	-0.070276047	-0.097789355
256	G		0.17150557	0.192605964	-0.044196534
257	C		2.169150942	0.285427876	-0.264861289
258	C		1.237986531	-0.076212799	-0.329491184
260	C		1.185045729	-1.109604766	0.704335407
261	G		0.416243735	-0.055309503	-0.217366169
262	G		1.289323679	0.612854536	-0.285796608
270	G		1.213008209	0.657856014	-0.266016709
271	C		0.113646185	-0.065671014	-0.033850641
275	C		0.955194346	-1.336772275	0.379407903
276	G		0.515439117	0.24409795	-0.394671237
279	G		0.73312093	0.099152559	-0.257860541
280	G		0.66737137	0.414430428	-0.307100088
281	C		1.670079312	-0.152874322	-0.154605915
282	G		1.07377743	0.128787296	-0.629612468
283	G		0.391508623	0.249639418	-0.246268235
284	C		0.506963429	0.146025611	-0.410833983
285	U		0.360369201	-0.015245561	0.011723756
286	U		0.584683935	-0.050522059	-0.420846679
287	U		4.423871364	-0.216925015	-0.506214752
288	G		0.997943127	-0.065095024	-0.092826147
289	G		2.432771111	-0.067887066	-0.246449243
290	U		1.587546001	-0.050910992	-0.416727352
291	G		4.038208213	-0.358215892	-0.138325298
292	A		2.079937781	-0.254657896	-0.022031469
293	C		0.898719184	-0.144796191	0.198777586
294	U		2.592144043	0.082535776	-0.563723988
295	C		3.628478119	-0.161145935	0.039268962
296	U		5.095178051	0.485273205	-0.882065802
297	A		0.03933324	-0.014100834	-0.167151726
298	G		4.09443267	0.15393639	-0.54174368
299	A		2.928649138	0.078809924	-0.497528585
300	U		0.666997761	-0.043170342	-0.349232489
301	A		7.738663443	-0.496496766	1.003424116
302	A		3.163614634	-0.311549944	0.044815473
304	C		4.711795173	-0.169282353	0.011457784
305	U		2.086299725	-0.155211461	-0.205822507
306	C		3.370094407	-0.871885187	0.548146345
308	G		0.244084281	-0.059821033	-0.266643993
309	G		0.032091042	0.01511439	-0.280747851
310	C		1.04782195	-0.242869054	0.106185812
311	C		1.886409147	-0.158403373	-0.689136165
312	G		2.069590962	-0.255879675	-0.04591701
313	A		3.562930959	-0.321583844	0.188408633
314	U		0.731959389	-0.076389489	-0.395654754
315	C		1.186574845	-0.150182011	-0.168605242
316	G		0.125182042	0.052356566	-0.235193053
318	A		4.17164708	-0.13431081	0.04708481
320	G		0.982414208	-0.267961766	0.078590713
321	C		0.142737963	-0.032545485	-0.042332055
322	C		3.391047913	0.174518784	-0.477785017
326	C		1.232338543	-0.123548987	-0.180616006
327	G		2.640670261	-0.144661427	-0.183695904
328	U		4.55317413	-0.225864874	0.022462806
329	G		1.389676108	-0.159398393	-0.29125571
331	C		0.255383638	-0.187582678	-0.147345843
332	G		1.185206142	0.524814345	-0.584558861
333	G		0.117558698	0.108588544	-0.210996156
336	A		0.989139419	-0.292031829	0.090770363
337	C		1.878675209	-0.263838129	-0.20247773
339	A		3.277596514	-0.863513935	0.887523068
343	A		1.346842492	-0.10402437	-0.105726299
344	U		2.684690916	0.190023131	-0.305999745
345	U		0.512600195	0.01806405	-0.510865241
346	C		0.159128311	0.021833404	-0.339701116
347	G		0.019287852	0.001697842	-0.000128999
348	A		1.745233903	-0.132949833	0.086707808
349	A		1.634725509	-0.100618659	0.066411661
351	G		1.642370436	0.144558914	-0.058632519
352	U		1.391331371	0.120124256	-0.185946673
353	C		2.89407403	-0.381745859	0.576000487
354	U		4.670290401	0.595157119	-0.63128918
355	G		2.825703979	0.154222023	-0.189395379
356	C		0.809097245	0.063299927	-0.188304814
357	C		3.062814767	0.207572002	-0.528736974
358	C		0.871921994	-0.166163233	-0.196316493
359	U		5.175228908	-0.503860265	0.033149851
360	A		6.035921199	-0.156588238	-0.073955889
361	U		4.481993463	-0.20987766	-0.288484258
362	C		4.334948842	-0.621317352	0.206505335
363	A		2.701637526	-0.270253595	-0.01477047
364	A		4.092779148	-0.161207934	-0.085520639
365	C		1.287223579	-0.083254864	-0.228634843
366	U		0.93986404	-0.076885676	0.011393743
367	U		2.143755796	-0.053968717	-0.547554377
368	U		4.928897137	-0.138948171	-0.342297662
369	C		2.641151945	-0.213630121	0.181855893
370	G		3.510289274	-0.339759746	0.072247392
371	A		2.565895082	-0.356254225	0.056637035
372	U		1.082705812	-0.087708324	-0.328587835
373	G		0.048866776	-0.004652826	-0.322121933
374	G		3.315040924	-0.130601508	0.291069329
375	U		3.491863973	-0.337997631	-0.189256828
376	A		2.2057714	-0.189944859	-0.060653451
377	G		3.201160277	-0.244794972	-0.326186173
378	U		5.079855081	-0.321322387	-0.173202949
379	C		4.121806591	-0.283075261	0.04486114
380	G		0.008299952	0.003274521	-0.175240329
381	C		0.552054303	-0.05140164	-0.401518596
382	C		4.823287536	-0.128201847	-0.073700779
383	G		3.748744013	-0.276539507	-0.165812136
384	U		4.287307146	-0.367474246	-0.035404741
385	G		0.132200824	-0.021026937	-0.41742429
386	C		0.212970486	0.356363141	-0.280165824
387	C		1.399304254	0.172258418	-0.588476629
388	U		0.029764586	0.034021583	-0.193582302
389	A		2.321379239	-0.129491542	-0.055069103
390	C		0.110491331	0.036902388	-0.216568295
391	C		1.847776412	-0.330748964	0.114330746
392	A		2.394246033	-0.246084323	0.489931822
393	U		4.01097929	-0.395974053	-0.101883315
394	G		0.073141945	0.016323689	0.160082329
395	G		5.000857393	-0.23168892	-0.138146954
396	U		3.517399831	-0.033358637	-0.35477398
397	G		3.748333548	-0.127484399	-0.146287463
398	A		5.449975434	-0.261306352	0.173111632
399	C		0.04397054	-0.042380774	-0.061725638
400	C		3.551971324	-0.129645344	0.024877667
401	A		2.746667456	-0.200185954	0.139273802
402	C		1.218091989	-0.141340457	-0.32486301
403	G		5.321058285	0.19301443	-0.519887383
404	G		0.652991368	0.029976719	-0.370783963
405	G		5.042523938	-0.357251268	0.12946275
406	U	Psi	6.001659969	0.765342342	-1.066445895
407	G		3.992771606	0.180277122	-0.497487125
408	A		5.14533584	-0.46106942	0.586770558
409	C		0.612283404	-0.024181788	-0.90713138
410	G		0.260023995	0.012542203	-0.215240665
411	G		5.537942327	0.172858318	-0.504018617
413	G		1.655560786	0.148774197	-0.377896271
414	A		4.213842109	-0.139576883	0.222894059
415	A		3.216683635	-0.091863699	0.352477263
416	U		2.625662936	-0.056419225	-0.40445437
417	C		1.679084871	-0.127947225	0.136308038
418	A		0.274904877	-0.015224251	0.073189672
419	G		0.715459496	0.062872642	-0.224686562
420	G		2.377539579	0.112398914	-0.443498986
421	G		0.774491579	0.110027233	-0.342622082
422	U		0.369868978	-0.014323674	-0.190873535
423	U		0.54357663	-0.070599138	-0.230567584
424	C		6.676441465	0.110902353	-0.297085234
425	G		5.710569312	0.519844526	-0.455092701
426	A		2.073473512	0.162096957	-1.182851815
427	U		5.000879273	-0.182325034	0.833889579
428	U	Nm	9.06072686	0.889802663	-0.573455532
429	C		4.828526742	-0.278303853	0.344080865
430	C		5.470393754	0.388770459	-0.441744922
431	G		3.887842307	-0.137049031	-0.173257832
432	G		4.254430854	-0.285815453	-0.13454365
433	A		0.307496841	0.02205343	-0.086836769
435	A		6.735511543	0.519465326	-0.588309619
436	G	Nm	7.797885332	0.512416851	-0.452701159
437	G		6.154184321	0.149990536	0.143900338
439	A		1.045049707	0.088160141	-0.198612887
440	G		1.846572484	-0.161327961	-0.189091033
442	C		3.324208794	-0.186083932	0.045000181
443	U		6.631003229	-0.212168757	-0.094702347
444	G		8.394781867	-1.950938547	0.660185445
445	A		3.420673528	-0.08495845	-0.095223492
446	G		0.119654551	0.011508405	-0.163527358
447	A		1.147760832	-0.089034564	-0.256877456
448	A		0.139750682	-0.003270144	0.002621168
449	A		3.483947704	-0.296762247	0.240019728
450	C		2.685776298	-0.277497279	-0.10760304
451	G		2.571602604	0.107059848	-0.306446427
452	G		0.004439593	-0.002217516	-0.187368203
454	U		1.434811766	-0.195121888	-0.195788733
455	A		0.825035639	-0.159371186	-0.310622585
456	C		0.390874867	-0.070083943	-0.125166218
457	C		5.354702426	0.1817387	-0.233037678
458	A		0.043273606	-0.009559312	-0.423428997
460	A		1.422741553	0.103000153	-0.09397893
461	U		5.647382595	-1.67568468	2.942581946
462	C	Nm	7.17051798	0.87112505	-1.891948682
463	C		2.473911332	0.23475337	-0.233159171
464	A		3.661968742	0.436253024	-0.392846259
465	A		3.390876485	0.485052017	-0.553111996
466	G		2.652721672	0.194932425	0.035618601
467	G		5.941612328	0.269661559	-0.007038377
468	A	Nm	4.543440954	0.49013467	-0.294790789
469	A		3.265542859	0.129613527	-0.02841062
470	G		3.712966157	0.151940292	-0.647114189
471	G		0.66619337	-0.319798134	-0.002069483
472	C		0.397900898	0.316179022	-0.443043826
473	A		2.790351572	0.168508428	-0.034527715
474	G		0.232621378	-0.067952001	-0.149491461
476	A		1.196377653	-0.15733534	0.210372816
477	G		3.040518149	-0.111955435	-0.180820296
478	G		0.84185003	-0.150947305	0.201311784
479	C		1.61720461	-0.056857198	0.138455969
483	C		0.468128985	0.183624867	0.269497026
484	A	Nm	8.729336648	-3.637421879	0.743365749
485	A		1.258941283	-0.036188865	0.08547129
486	A		0.363608978	0.070446546	-0.479515936
487	U		0.63775541	-0.053994211	-0.291198976
488	U		4.807319643	-0.420916771	0.011525432
489	A		3.298301947	-0.146188054	0.020770884
490	C		2.962757352	0.171816951	-0.566838796
491	C		0.780579761	-0.10183622	-0.150871188
492	C		0.69214739	-0.064135738	-0.08394573
493	A		0.877235517	-0.030353185	0.010254886
494	C		0.781238224	0.074522291	-0.4481362
495	U		0.267439854	0.020542448	-0.385044998
496	C		0.083713237	-0.055520144	-0.079246243
497	C		1.086981916	-0.104463103	-0.216519992
498	C		2.307516297	-0.619457683	0.012829899
499	G		5.874680061	-0.667567298	0.076028036
500	A		1.231453025	-0.109839925	-0.08472151
501	C		0.353431274	0.039027505	-0.212873687
502	C		2.56889953	-0.170395403	-0.019433255
503	C		0.070428781	-0.020552207	0.010575184
504	G		1.587030627	-0.373400696	0.282030198
505	G		0.147930942	0.01754488	-0.568758251
506	G		0.794706531	0.075439678	0.261360598
508	A		5.363490988	0.625697751	-0.784953109
509	G	Nm	9.139656092	0.983816416	-1.142637262
510	G		1.316000709	0.142879739	0.580788189
511	U		2.003787161	0.251934985	0.051941412
512	A	Nm	11.90794833	0.99778096	-2.241250765
513	G		0.625927004	-0.039842546	0.566381094
514	U		4.208765967	-0.541785521	0.663325984
515	G		6.595367466	-0.984763794	0.854390404
516	A		4.052926023	0.413355961	-0.380831206
517	C	Nm	10.39779773	0.773651033	-1.554950526
518	G		1.217763482	0.066230381	0.071760088
519	A		1.462959684	0.145917643	0.043029064
520	A		6.781880019	0.318476973	-0.250642754
521	A		6.45916381	0.508829437	-0.645780644
523	A		0.710184844	0.046601454	-0.149839452
524	U		0.930647963	0.052394909	-0.08909883
525	A		1.856311145	-0.048068659	0.087597055
526	A		0.459144424	-0.044769018	-0.0277763
527	C		0.084500239	0.004456673	-0.235227353
528	A		0.369674121	0.055452565	0.049270434
530	U		2.003474849	-0.112506963	-0.164825098
531	A		2.521868246	-0.304690293	0.31271816
532	C		1.400375989	-0.198666328	0.10781654
533	A		0.351743803	-0.054748719	0.101709004
534	G		1.312570618	-0.098373401	-0.16465282
535	G		0.44852964	-0.048766602	-0.290568561
536	A		1.654508584	-0.112809596	0.338768735
537	C		1.228438164	-0.092794872	-0.179587934
538	U		0.763464478	0.024714755	-0.438701981
539	C		2.230744009	-0.241299814	0.177483452
540	U		0.367852353	0.051744456	-0.116233631
541	U		2.604982344	0.073690835	-0.212354121
542	U		0.342081577	0.047433385	-0.333431755
543	C		0.084602539	-0.008864908	0.01416964
544	G		1.017807898	0.096026822	-0.331144017
545	A		1.551363889	-0.066021271	-0.118807083
546	G		0.623557154	-0.037970819	-0.296315459
547	G		1.879961388	-0.168349983	-0.129775315
548	C		1.591207843	-0.337195449	-0.076574826
549	C		0.647211084	-0.055245875	-0.233624144
550	C		0.997085149	0.124936467	-0.466591028
551	U		1.998110367	0.214109007	-0.372243559
552	G		0.317202417	0.013272875	0.003030152
553	U		0.369631799	-0.067292001	-0.117943555
554	A		3.886774766	-0.905245739	0.847783409
555	A		3.695194542	-0.450555385	-0.224151124
556	U		0.568124467	-0.079812827	0.110446432
557	U		0.951571908	-0.097579189	-0.099312266
558	G		2.704760267	0.131963545	-0.426070435
559	G		1.336347249	-0.148753395	-0.09201092
560	A		2.216579835	-0.174287214	0.283019104
561	A		2.014454166	0.101119012	-0.064402306
562	U		2.555867289	0.128380977	-0.336920062
563	G		2.212447034	0.205144922	-0.323587617
564	A		0.059358275	0.006611613	0.093154808
565	G		3.280754331	-0.042311016	0.655976077
566	U		1.481926824	0.425426221	-0.30062505
567	C		0.450943825	-0.081718911	-0.12222969
569	A		4.062420972	-0.2407262	0.28951333
570	C			0.652432767	-0.554246625
571	U		2.638694047	0.258541898	0.494981953
572	U	Psi	7.668382017	0.739437422	-1.150516312
573	U		0.635975079	0.060421913	-0.308653736
574	A		4.88043229	-0.574521497	0.302000571
575	A		6.818546088	0.307823435	-0.215787049
576	A	Nm	7.906906089	0.754211051	-0.607654978
577	U		1.428756432	0.083660482	0.114375093
578	C		0.011127863	0.002971595	-0.275681347
579	C		1.812620166	0.139185158	-0.080744859
580	U		1.205244971	0.048881695	-0.061739654
581	U		0.813019129	0.053954026	-0.086421896
582	U		0.628666918	0.107154677	-0.156339484
583	A		1.511564801	-0.114112797	0.017340963
584	A		0.70964391	-0.085067926	0.051239898
585	C		2.049258284	-0.325503217	0.368710552
586	G		1.572183383	-0.214687049	0.443972279
587	A		0.695875174	-0.024290009	0.394880088
588	G		1.596533682	-0.071912756	0.371551261
589	G		4.51371205	-1.012997954	1.083628967
590	A	Nm	7.366480637	1.099332148	-1.222272254
591	U		0.828094576	0.122716939	0.290137009
594	A		1.787766981	0.071543005	-0.164272685
595	U		0.443861057	-0.084207992	-0.275667996
596	U		0.874621165	-0.123618275	-0.444062033
597	G		3.720719252	0.171666962	-0.532324914
598	G		2.454001544	-0.070173886	-0.128206994
599	A		8.975891553	0.410422356	-0.240426908
600	G		8.652419195	-1.100181614	1.181789915
601	G	Nm	10.02774757	0.982834379	-1.486230717
602	G		2.881424998	-0.404820956	0.695218822
603	C		0.206842643	0.044520229	-0.114510212
604	A		2.115571611	-0.15994109	0.169497078
605	A		1.304583699	0.173332819	-0.087496869
606	G		0.800377319	-0.090686323	-0.25758738
607	U		2.950782032	-0.950996747	0.147268305
608	C		1.002902455	0.030982063	-0.026324664
609	U	Psi	4.329412238	0.576752938	-1.08061056
610	G		4.435358862	0.145394918	-0.186645281
611	G		3.774992385	-0.223872405	0.319634507
612	U		0.462820126	-0.035431552	-0.288637055
613	G		2.845454645	-0.076572942	0.059618271
614	C		2.368218696	-0.200326	0.051737309
616	A		1.207488342	-0.163262484	0.363095154
617	G		1.490549151	-0.234069423	-0.100453201
619	A		0.693710259	-0.050959642	0.31407418
620	G		1.247717947	-0.108934949	-0.241165805
622	C		0.212343594	-0.011180079	0.055467666
623	G		0.072385672	-0.004375124	-0.1062371
624	C		3.950600348	0.338762637	-0.238643295
625	G		4.359914465	0.384008258	0.17070042
626	G		4.852782019	-1.600669796	1.708348477
627	U	Nm	5.428833437	0.816042875	-1.084910153
628	A		0.880353611	0.158975704	0.589369343
629	A		3.596638394	0.499727095	-0.769854326
630	U		0.011275009	0.001974229	-0.080474455
631	U		3.570499652	0.196829491	-0.354226187
632	C		1.438025444	-0.147212073	0.328628971
633	C		0.314810405	0.047401814	-0.072007459
634	A		1.571694135	-0.141398792	0.437619866
635	G		0.78075111	-0.119456934	-0.080102638
636	C		0.818746404	-0.112708576	-0.00657556
637	U		0.106282695	0.003210921	-0.336157107
638	C		1.857862596	-0.370554032	0.220905282
639	C		1.873071695	0.237745151	0.139047699
640	A		3.581687979	-0.40125071	0.570332554
641	A		0.367419192	-0.067237023	0.021054594
642	U		4.08121925	-0.892258559	1.082653643
643	A		1.795125781	-0.279730158	1.161471848
644	G	Nm	7.701326677	0.986717114	-1.391834884
645	C		0.320020613	0.026158775	0.262590379
646	G		3.8696888	0.227232376	-0.363156936
647	U		4.061474442	-0.334684455	0.435161763
648	A		6.13451134	0.354655321	-0.138237379
650	A		3.940507297	0.402371637	-0.21685506
651	U	Psi	8.282531764	0.455375582	-0.711329146
652	U		4.363781033	0.34067871	-0.54068387
653	A		0.61913726	-0.10734545	0.115595708
654	A		2.430370104	-0.206841448	0.342186423
655	A		0.270554548	-0.055081465	-0.21080482
656	G		7.381209584	-0.353487977	0.105943203
657	U		0.75597054	-0.075025164	-0.095882304
658	U		4.662936133	-0.283981437	0.59759184
659	G		0.686411098	-0.377073646	-0.019717744
660	C		0.270987474	0.035264819	-0.239090645
661	U		0.031322566	-0.003720185	-0.205311788
662	G		0.547545962	-0.06725985	-0.178851926
663	C		1.861369453	-0.486414664	0.102645233
664	A		5.29939448	-0.421363047	0.471714617
665	G		2.339641979	0.159959529	0.001517145
666	U		0.353460455	0.077465473	0.389409034
667	U		5.672787004	0.465345418	1.462281812
668	A	Nm	2.632827867	-0.351219148	0.055119149
669	A		4.255961468	0.160733081	0.251375021
670	A		6.50146476	-1.24532168	1.136621919
671	A		2.355310292	0.125830409	0.017810902
672	A		1.409748754	-0.145025897	0.199855673
673	G		0.839363538	-0.102665555	-0.203720583
674	C		1.581793372	-0.297188795	0.089961469
675	U		1.70178	-0.09342624	-0.000618487
676	C		0.861272825	-0.087494677	-0.112073377
677	G		0.14618772	-0.017251798	-0.037308456
678	U		2.15895549	-0.514416973	0.282224516
679	A		2.514076002	0.060127805	-0.024478785
680	G		0.805136883	-0.029509323	0.591097028
681	U	Psi	7.846467023	0.693708496	-0.558432289
682	U		1.324845654	0.084160004	0.083431218
683	G	Nm	11.68130264	0.940434997	-1.629637729
684	G		3.157588849	-0.746365528	0.7781483
685	A		5.910833549	0.443211682	-0.760785618
686	U	Psi	6.79002677	0.814415547	-1.023024862
687	C		4.96428292	0.209683955	-1.000877987
688	U		0.814430491	0.062360541	-0.213534176
689	U		1.216632481	0.06096744	-0.241577032
690	G		0.352914046	0.033724069	-0.083488007
691	G		1.064726072	-0.089652874	-0.184635986
693	A		0.731413763	-0.075051149	0.245188189
694	G		0.288307967	-0.072177548	-0.206405039
695	C		0.631205393	-0.363890674	0.19594359
698	G		0.407680999	-3.164828411	0.876488631
706	U		3.1475156	-0.249692097	0.002039111
707	C		2.178553843	-0.145105178	-0.096088231
712	G		0.364699436	-0.031903027	-0.260737951
713	C		2.63058638	-0.152081427	-0.050549635
714	G		2.69821293	-0.640068461	0.281656767
715	A		3.33687388	-0.413587768	0.364805262
716	G		1.340168217	-0.275841729	-0.00326725
720	A		5.903024055	-0.650070272	0.485688892
721	G		3.941879653	-0.448698065	-0.049636767
723	C		0.542160801	-2.111751318	1.236088613
732	U		0.715772495	-1.414087442	0.28914237
737	G		1.20723548	-1.772256054	0.801552673
738	C		1.056347008	-0.642235383	0.094565149
739	C		1.314171352	-1.733509047	0.710111204
742	U		2.91395649	-0.302850563	-0.033147927
743	U		0.349691327	-0.034072056	-0.083405792
744	G		3.494996553	-0.256191862	-0.143845385
745	C		0.242158017	-0.128245728	-0.121241663
746	C		0.943136578	-0.041239876	-0.087180944
747	U		1.931565261	-0.111112677	-0.045372473
749	U		3.911307371	-0.233787585	-0.022166385
750	C		4.110803705	-0.459277511	0.118246951
751	G		0.772610082	-0.062677815	-0.258565934
752	G		0.87797284	-0.252284186	-0.098530926
753	C		0.470052914	-0.021939274	0.148944628
754	G		0.353220694	-0.087062558	0.055170546
755	C		1.04739832	0.156690235	-0.210160988
756	C		2.227839209	0.218809553	-0.792512681
759	C		1.417369653	-0.217111468	0.181399497
760	U		3.194456063	-0.173109609	0.015349066
761	C		1.740698556	-0.212125666	-0.046368739
762	G		1.361261444	-0.159346764	-0.087168535
763	A		5.962474446	-0.364746698	0.354201653
764	U		2.821045313	-0.10562294	-0.237098822
765	G		0.853872	-0.149972893	-0.236996154
766	C		1.110842228	-0.181947993	-0.165487597
767	U		2.856594663	-0.068783259	-0.278385301
768	C		1.774624642	-0.230488649	-0.100541959
769	U		2.29736745	-0.094266378	-0.281745283
770	U		3.422642417	-0.79522555	0.223381277
771	A		3.113325698	-0.412927292	0.333383654
772	G		1.284171873	-0.273306658	-0.091194324
773	C		2.904127076	-0.11513325	-0.048385113
774	U		0.185279708	-0.030759473	-0.22496284
775	G		2.086808786	-0.219346371	0.008718743
776	A		4.198369567	-0.205978508	0.247145965
777	G		0.948880414	-0.032155646	-0.404868108
778	U		0.001282372	-9.09795E-05	-0.214842726
779	G		1.321265105	-0.037659413	-0.287590953
780	U		3.026751192	-0.332112373	-0.219664039
781	C		3.224682892	0.133490681	-0.572017678
782	C		3.36523489	-0.800109487	0.194740025
783	C		0.282125772	-0.061457807	0.06094922
784	G		0.519448374	0.0313473	-0.310987803
785	C		0.230299315	-0.022913173	-0.066651553
786	G		0.367727892	0.039564213	-0.155016568
787	G		0.506437925	0.138202557	-0.396185644
788	G		1.798068412	-0.460240873	-0.043354725
794	A		0.336461832	0.067920784	-0.06918097
795	A		6.604056847	-0.449037676	0.362482668
796	G		7.04851853	-3.657221857	2.197141814
797	C	Nm	6.715370764	1.054579457	-1.355033375
799	U	Nm	6.964299222	0.756435709	-0.564550574
800	U		5.316718261	-0.892620673	0.84157996
801	U	Psi	6.483397674	0.788306553	-0.757140958
802	A		4.622419543	-0.352418963	0.422485684
803	C		1.705130592	0.051125314	-0.714736111
804	U		3.374541758	-0.094194208	0.254436453
805	U		0.678967251	-0.066696672	-0.163581126
806	U		0.907194951	-0.120213804	0.134760544
808	A		2.078022588	-0.097385094	0.283138787
809	A		0.274365872	0.020765787	0.130692579
810	A		2.583426731	-0.091688093	0.145133276
811	A		4.298705068	0.382098186	-0.38034123
813	A		0.215518521	0.053664186	0.458972505
814	U	Psi	6.291228294	0.75806003	-1.267561786
815	U	Psi	9.30366881	0.806925262	-1.930999728
816	A		1.933125348	-0.178140897	-0.188345333
817	G		1.018220229	0.040729964	-0.091040087
818	A		0.303131282	-0.069224852	-0.178726864
819	G		1.820157272	-0.046294216	-0.180933736
820	U		0.169681131	0.011516734	-0.085285589
821	G		0.276991596	-0.032620403	0.318772077
822	U	Psi	8.311995514	0.318900649	-0.187328222
823	U		4.302673702	-0.398849998	-0.319621669
824	C		2.902391501	0.088897177	-0.821868984
825	A		0.872734547	0.115545432	0.131580756
826	A		0.221096535	0.022655864	-0.113427691
827	A		0.103001662	0.036813072	-0.529781513
828	G		1.668649071	-0.033828892	-0.345311028
829	C		0.740718313	-0.231759882	0.126130059
830	A		3.477608155	-0.133884306	0.021508752
831	G		2.403869067	-0.164460326	-0.257333881
832	G		1.81036929	-0.305798501	-0.094840941
833	C		0.64972505	-0.163213901	-0.056261801
834	C		5.808952411	-0.155817507	-0.130869554
835	C		0.98291429	-0.148882867	-0.157829618
837	A		5.521393651	-0.317592914	-0.144829655
838	G		0.009846173	-0.001319116	-0.401631493
840	C		1.070436542	-0.117877179	0.30013602
841	G		3.29907997	-0.280359767	-0.063954916
843	C		0.169665141	-0.013054231	-0.087176662
844	U		1.186576274	0.145716929	-0.336860292
845	G		2.202424769	-0.386583713	0.023312911
846	G		0.025824388	-0.005565558	-0.216187379
847	A		0.527117787	0.014378224	-0.066082931
848	U		2.438935353	-0.139273211	-0.153648781
849	A		4.857033184	-0.467345357	0.302249891
850	C		1.432768371	-0.165192407	-0.029586444
851	C		0.18859387	0.014611806	-0.271263587
852	G		0.08815567	0.005409585	-0.364910126
854	A		0.725165315	-0.048802347	0.23556456
855	G		1.240287955	-0.138029551	-0.156209383
856	C		0.354408767	-0.037202999	-0.092622718
857	U		2.713649023	-0.166132487	-0.11597876
858	A		2.218116936	-0.535649761	-0.108532613
859	G		2.984700237	-0.883045666	0.383530814
860	G		3.497056622	0.428437464	-1.034350162
861	A		0.230294566	0.030252127	0.025903109
862	A		5.099515984	0.289689421	-0.240947804
863	U	Psi	7.775920308	0.631390229	-1.29359772
864	A		3.530244973	-0.213221481	0.26937458
865	A		6.77238554	0.292456104	-0.216760128
866	U	Psi	8.974441667	0.870950388	-1.861739109
867	G	Nm	5.223522222	0.819036271	-0.882673504
868	G		2.773108307	0.229150477	-0.53994782
869	A		2.338493064	0.19235541	-0.225316948
870	A		1.035093622	0.062270718	-0.156942087
871	U		0.360581029	0.043376799	-0.270056568
872	A		4.31462285	0.101660483	-0.360442712
873	G		0.109484029	0.008295933	-0.28088575
874	G		0.359809109	-0.54862297	0.257392449
875	A		3.543148169	-0.646080298	0.173722338
876	C		3.3734759	-0.293582578	-0.030678701
877	C		2.142633686	-0.231888803	-0.080806503
878	G		0.140568348	-0.00871892	-0.217037669
879	C		3.015457736	-0.429621395	0.386755301
880	G		1.927204084	-0.226981323	0.184558922
882	U		1.114926373	0.03627547	-0.360077941
883	U		0.18523023	-0.528415904	0.062783053
884	C		0.933039913	-0.126763818	0.551465792
885	U		1.00867214	-0.133881497	0.315935165
886	A		0.746864246	0.023831509	-0.13881315
887	U		0.012766877	0.001255048	-0.02083079
888	U		0.902227723	0.046716098	-0.223072298
889	U		0.347538502	0.028929206	-0.260746169
890	U		2.642018789	0.113156477	-0.290388961
891	G		0.549435158	-0.01399116	0.03097044
892	U		0.070635682	-0.015830691	-0.076648611
893	U		1.496920751	0.086597088	-0.550662068
894	G		2.523858429	0.093850073	-0.333096188
895	G		4.273372201	0.224648047	-0.330747558
896	U		1.938003666	0.116616599	-0.073101464
897	U		5.064931774	0.165798821	-0.194573193
898	U		1.417624907	0.102741163	-0.36141004
899	U		0.8011789	0.035464402	-0.249215837
900	C		0.910392181	0.054689343	-0.155049087
901	G		2.223405017	0.1195256	-0.350157244
902	G		1.954774504	-0.254839276	0.037854535
903	A		0.249217149	-0.020011363	-0.112123596
904	A		2.387690649	-0.223359829	0.057213655
905	C		1.386138976	0.04728908	-0.66457995
906	U		2.660725018	0.075715486	-0.444950387
907	G		0.449491288	0.061223307	-0.26621348
908	A		1.216814427	-0.057522125	-0.135216148
909	G		1.268937669	-0.060887177	-0.14106616
910	G		0.27903954	-0.146825117	-0.105261217
911	C		2.790487558	-0.29189396	-0.036494499
912	C		0.919888626	-0.072812581	-0.023669685
913	A		1.511478109	-0.073912407	0.186314815
914	U		1.280253897	0.246346442	-0.314924128
915	G		2.5006631	0.094515293	-0.321121025
916	A		1.672781778	-0.167565853	0.098743512
917	U		2.878568207	-0.328874308	0.126083974
918	U	Psi	3.677440858	0.600846377	-1.298061751
919	A		1.254761573	0.113945291	-0.28313328
920	A		1.077207508	0.074318313	-0.602332682
921	G		1.497694615	0.072258928	-0.372936962
922	A		1.106282138	0.074667479	-0.662101841
923	G		2.266102362	0.14018898	-0.37375784
924	G		0.312054457	0.034100911	-0.371744109
925	G		0.691654979	0.056800785	-0.516528715
926	A		2.741656831	-0.133818898	-0.187461575
927	C		0.172888855	0.008970292	-0.304810662
928	G		0.265865984	0.007597656	-0.306730032
929	G		0.413415498	0.066432463	-0.271122648
930	C		0.510302379	-0.07789981	-0.063001079
931	C		0.957677352	-0.262931704	0.096811656
932	G		1.637595104	-0.063051673	-0.156755271
933	G		0.984946291	-0.062027682	-0.339179779
935	G		2.159739406	-0.21988992	-0.066186177
936	G		0.137882328	-0.093779231	-0.132939128
937	C		1.711454643	-0.300539616	0.037843303
938	A		4.207138657	-0.151443597	0.311851191
939	U		2.308977254	-0.122006679	-0.128941154
940	U		2.545638929	-0.270327251	-0.198909279
941	C		1.821123419	-0.205399978	-0.015554159
942	G		0.203960468	0.035331116	-0.138675426
943	U		1.093763112	0.111089309	-0.253510708
944	A		1.764678539	-0.171586644	-0.050251912
945	U		0.897260902	-0.059557675	-0.290669787
946	U		1.241726321	-0.045873439	-0.187127999
947	G		0.527679798	-0.095331712	-0.195100472
948	C		0.610670235	-0.058133797	-0.231000364
949	G		0.315147015	-0.051197167	-0.099271838
950	C		0.325740108	-0.050209932	-0.184127746
952	G		0.598002737	-0.057919714	-0.072126531
953	C		2.745419027	0.094094704	-0.23819411
954	U		0.307376781	0.030129304	-0.383154692
955	A		0.251848608	-0.033634457	-0.043799964
956	G		0.334230017	-0.016662697	-0.063607941
957	A		1.420872056	-0.179798686	-0.070340329
958	G		2.061524216	-0.264645353	0.107018203
959	G		0.260980725	-0.074019458	-0.216448974
960	U		0.644028125	-0.039667881	-0.307100265
961	G		0.042577882	0.011013679	-0.023312625
962	A		1.23091179	-0.19055716	0.369678262
963	A		5.742362715	0.176348946	-0.29995625
964	A		4.71721856	0.142193291	0.153351281
965	U		4.009105969	0.174120053	-0.296669493
966	U	Psi	8.843972661	0.796814314	-0.631485468
967	C		3.366105312	0.098170486	-0.718410631
968	U		1.717049188	-0.105341727	-0.075316688
969	U		0.223947079	0.020466815	-0.384577765
970	G		0.217956595	0.02394719	-0.298024286
971	G		0.542447608	-0.049885287	-0.109516821
972	A		2.257293309	-0.175040372	0.306103732
973	C		2.110666658	-0.187972162	-0.251825314
974	C		1.531427657	-0.123351042	-0.012030494
975	G		2.317453892	-0.205521413	-0.121306006
976	G		0.02872847	0.011063307	-0.321952481
977	C		0.366963893	-0.036967844	-0.146680757
978	G		0.012487441	-0.010682277	-0.097318687
980	A		0.11681625	-0.014313611	-0.174089097
981	A		0.645967024	0.085170616	-0.242041103
982	G		1.63964373	-1.425970545	0.495372549
983	A		0.466630566	-0.067195098	-0.085164585
984	C		0.694909331	0.079632884	-0.344600653
985	G		0.145066671	-0.011007606	-0.282607844
986	G		2.543198086	-1.94631544	0.526887339
987	A		0.502306629	-0.304865448	0.033312894
988	C		0.990822298	-0.056044002	-0.308218786
989	C		1.322805217	-0.100262561	-0.214219559
990	A		0.174777619	0.01912138	-0.069919225
991	G		0.475126456	-0.03549488	-0.163514643
992	A		0.375442681	-0.117057749	-0.160234922
993	G		0.24525587	-0.021916242	-0.311109058
994	C		0.554254403	-0.037609122	0.224133646
995	G		1.564206673	-0.094479091	-0.137789558
996	A		0.176253582	0.033739093	-0.175694607
997	A		2.546196004	-0.147879826	-0.043627267
998	A		0.546334568	-0.187981446	-0.460657529
1000	C		2.654042137	-0.42809411	0.04288732
1001	A		0.31629331	-0.030432145	0.211440334
1002	U		1.500074873	0.084388696	0.01352948
1003	U		6.349859243	-0.452371127	0.18120664
1004	U	Psi	4.175616031	0.517087875	-0.686459527
1005	G		0.222604543	0.030323331	-0.339114487
1006	C		1.171213708	-0.189854625	-0.092259072
1007	C		0.106572333	0.036792881	-0.332731178
1008	A		0.978350902	0.082010162	-0.024714258
1009	A		0.687280615	-0.048456196	-0.168421784
1010	G		1.542286736	-0.086075341	0.017701525
1011	A		0.25206979	0.037918307	-0.05015825
1012	A		0.654950982	-0.076507082	0.174544645
1013	U		1.581505893	-0.170725776	-0.162716044
1014	G		2.53769074	-0.158773288	-0.202026646
1015	U		0.953312789	-0.184294266	0.213344416
1016	U		1.631864121	0.078489176	-0.227289802
1017	U		0.782426325	-0.110734909	-0.231913523
1018	U		0.617497017	0.147687715	-0.448429716
1019	C		2.438461949	0.116796515	-0.222971915
1020	A		2.104667813	0.216265035	0.003115672
1021	U		1.941807512	0.21411014	-0.338786107
1022	U		2.160057907	0.278271917	-0.596217109
1023	A		4.282122724	0.242710396	-0.212976234
1024	A		0.343349159	0.027242969	-0.063195012
1025	U		4.493594428	0.235012239	-0.479181973
1026	C		2.202827196	-0.130233284	0.369241593
1027	A		2.284079607	-0.161569348	0.224157616
1028	A		1.438798238	0.059517445	-0.05975682
1029	G		4.534710848	-0.193025462	-0.059591042
1030	A		6.439895558	0.6889426	-1.213673472
1031	A	Nm	6.815546328	1.151852465	-0.399050631
1032	C		0.423835971	0.148144674	-0.329680296
1033	G		6.296978901	0.242589137	-0.406918514
1034	A		2.696215985	0.18488821	-0.423931943
1035	A		0.134330934	-0.010106836	-0.10188313
1036	A		2.134003112	0.319931166	-0.740870142
1037	G		2.952385463	-0.35228496	-0.210182349
1038	U		2.722354026	-0.196880434	-0.109185546
1039	C		1.699058181	-0.135225531	0.001204031
1040	G		2.901355677	-0.211386492	-0.156056031
1041	G		2.455141334	-0.084790176	-0.342155918
1042	A		1.511493718	-0.053716799	-0.060609537
1043	G		0.48046911	-0.037869537	-0.45024211
1044	G		3.383774073	-0.136290052	0.161560315
1045	U		4.832474568	0.630752431	-0.788371834
1046	U		4.956015113	0.647482491	-1.0378003
1047	C		2.113267483	0.118329481	-0.517927484
1048	G		2.113995085	0.280860198	-0.470408864
1049	A		2.605983087	0.11594448	-0.262093203
1050	A		2.177078888	0.162239678	-0.461264929
1051	G		4.787308309	-0.230205969	-0.200678133
1052	A		0.647277647	-0.105715575	-1.043280058
1053	C		2.589867069	0.174455683	-0.55236322
1054	G		3.899208844	-0.922484016	0.2173455
1055	A		0.687958556	0.111587453	-0.337973224
1056	U	Psi	8.230339033	0.900054741	-1.441084967
1057	C		1.638834123	0.273715763	-0.41364875
1058	A		1.880173291	0.205477303	-0.247866214
1059	G		3.862454833	0.142615241	-0.353238276
1060	A		0.407790067	0.081534834	-0.432123709
1061	U		1.166372972	0.062095002	-0.302556965
1062	A		0.699384604	-0.056354545	-0.158604676
1063	C		0.042519743	-0.007262327	-0.50922517
1064	C		0.391786363	-0.061894983	-0.085247437
1065	G		2.321412982	-0.164505782	-0.190901431
1066	U		5.040014037	-0.190665837	-0.083308437
1067	C		2.023345301	-0.594495918	0.295263445
1068	G		1.950028414	-0.171060057	-0.117356583
1069	U		0.830729216	0.132339683	-0.332842357
1070	A		2.282987488	0.097412957	-0.493520664
1071	G		1.787587538	0.086971497	-0.198037951
1072	U		4.979743589	-0.220231593	-0.207937277
1073	U		0.714793677	0.076023325	-0.45158569
1074	C		1.840830488	-0.123576549	-0.523209176
1075	C		0.893925687	-0.147543789	-0.253811856
1076	G		3.002002205	-0.53661063	0.311619638
1077	A		3.719491168	-0.413972289	-0.007453155
1078	C		1.713856191	-0.336291793	-0.045147241
1079	C		2.000732346	-2.384741524	0.751377364
1080	A		0.478241759	-0.078619109	0.153475815
1081	U	Psi	8.959747047	0.800227862	-1.591083125
1082	A		0.972130582	-0.154407739	0.333121915
1083	A		2.241996637	0.248913397	-0.423912046
1084	A		0.073991634	0.016227933	-0.241179781
1085	C		1.468267919	-0.123405459	-0.376946129
1086	G		2.3439016	0.191619443	-0.356001031
1087	A		3.083995616	-0.339726903	0.100430365
1088	U		0.308899537	-0.018591662	-0.314581483
1089	G		0.013326861	0.002366713	-0.318290565
1090	C		0.086307743	0.013589047	-0.27230895
1091	C		1.236331491	-0.132885571	-0.04187921
1092	G		0.458415457	0.044092834	-0.188524815
1093	A		2.458154885	0.062742065	-0.235228919
1094	C		0.513696812	-0.093434078	-0.237000379
1095	C		0.09350746	-0.009075368	-0.140606858
1096	G		0.446835645	0.030217919	-0.124953593
1097	G		0.116941286	-0.020020324	-0.310270237
1098	C		1.820907892	-0.256092368	0.026749402
1099	G		0.639917608	0.128735527	-0.221941925
1100	A		3.079146529	-0.341560953	0.02049926
1101	U		2.007551242	-0.080842861	-0.279934336
1102	G		1.446270906	-0.085288271	-0.262393403
1103	C		1.265541422	-0.144813947	-0.152141917
1104	G		0.750699012	-0.057451749	-0.274523923
1105	G		0.66784322	-0.122942864	-0.256463773
1106	C		2.237645785	-0.539499903	0.12272344
1107	G		4.197986302	-0.433382375	-0.060119297
1109	C		0.025769221	-0.007776723	-0.215307974
1110	G		3.459996641	-0.228370969	0.01058882
1111	U		0.144369637	0.019797082	-0.238007628
1112	U		0.207929899	0.035744148	0.183696597
1113	A		0.886498546	0.053420442	-0.30545048
1114	U		3.57044794	0.268056096	-0.604913634
1115	U		3.197367405	0.290419649	-0.777126049
1116	C		0.919623035	0.071395371	-0.088434665
1117	C		1.479204606	-0.108582481	-0.285480148
1118	C		2.016685831	-0.233030102	-0.017329153
1119	A		0.981761944	-0.048127276	0.066660801
1120	U		0.433209921	-0.076503883	-0.210275226
1121	G		1.474801075	-0.243346253	0.030482088
1122	A		2.855259835	-0.29595905	0.198213233
1123	C		3.396261751	-0.221434972	-0.055314108
1124	C		1.380833604	-0.277621956	-0.039509185
1125	C		0.785724729	-0.108242775	-0.146144169
1126	G		0.031510534	0.004921361	-0.161201039
1128	C		1.732633599	-0.80699893	0.190523977
1130	G		1.354068023	-0.213379892	-0.249712054
1131	G		0.238430043	0.087706251	-0.272471209
1133	A		0.034732296	-0.007344326	0.245474147
1134	G		0.710468632	-0.065062059	-0.319144316
1135	C		0.690244887	-0.189867991	0.015868457
1136	U		1.578649366	0.055868668	-0.330885585
1137	U		1.382119478	-0.159490179	-0.132040306
1138	C		1.466738763	-0.146371879	-0.025677378
1139	C		0.025623517	-0.001569926	-0.194224285
1140	G		2.857566213	-0.616363858	0.450751586
1141	G		0.696291992	-0.046028659	-0.275462328
1142	G		1.455357918	-0.176065482	-0.081905814
1143	A		2.649193806	-0.325811599	-0.07605944
1144	A		2.419692967	-0.540439872	0.332526577
1145	A		0.560278504	-1.432759501	0.758675504
1146	C		1.754177515	-0.209418953	-0.161489248
1147	C		1.432963107	-0.312360416	0.150621404
1148	A		0.972059758	-0.151605674	0.204463606
1149	A		3.095340268	-0.285993513	-0.071437165
1150	A		0.905833145	-0.243519674	-0.122306063
1151	G		0.943969817	-0.10670749	-0.260110142
1152	U		0.543134421	-1.070266314	0.411508774
1153	C		0.250400965	0.021612706	-0.377237792
1154	U		0.568523549	0.033662293	0.033473588
1155	U		1.928055051	0.136794294	-0.399514225
1156	U		1.616521585	0.124148722	-0.377337617
1157	G		1.212856917	0.135207781	-0.425981711
1158	G		0.283943735	-0.022333963	-0.336355857
1159	G		0.602146806	-0.276998234	-0.00616546
1160	U		3.894248047	-0.160355822	-0.156491178
1161	U		0.561871924	-0.357739813	-0.129625927
1162	C		1.744735009	-0.104465773	-0.191010504
1163	C		0.652347578	-0.189537914	0.066681701
1164	G		2.302777471	-0.418610755	0.24831177
1165	G		3.319987435	-0.073327705	-0.404828522
1166	G		0.64068457	-0.399475143	-0.180080386
1167	G		0.318087987	0.061207191	-0.368289486
1168	G		2.167392474	-0.232237218	-0.186626329
1170	A		0.081913837	-0.015595736	-0.200925128
1171	G		0.327586758	-0.020045749	-0.368459109
1172	U		4.411969864	-0.112299037	-0.13224323
1173	A		5.584739287	0.263314433	-0.444008572
1174	U	Psi	9.403896074	0.880297186	-1.522704968
1175	G		3.516291182	0.110370612	-0.433047961
1176	G		1.807354009	0.073952409	-0.1240993
1177	U		5.777639117	0.624256847	-0.785994745
1178	U		2.970133077	0.112161532	-0.511379622
1179	G		0.32353689	0.053459832	-0.278569732
1180	C		0.206073928	-0.02252377	-0.365814982
1181	A		0.132275652	0.020519383	-0.101323357
1182	A		1.684047078	-0.054691623	-0.062684744
1183	A		0.24514882	0.021726043	-0.177599631
1184	G		0.832018271	0.069012328	-0.300997142
1185	C		3.32493105	0.129901709	-0.424162463
1186	U		2.46507606	0.216506315	-0.327434369
1187	G		2.622353437	0.135135201	-0.406237837
1188	A		3.595009723	-0.116041766	0.139177809
1189	A		0.786028744	-0.082878219	0.014048934
1190	A		0.511613316	-0.035051571	-0.171482729
1191	C		0.505281316	0.038616383	-0.405303054
1192	U		0.772389705	0.032172884	-0.285687572
1193	U		0.182427743	-0.007250164	-0.14404063
1194	A		0.832130637	-0.074806242	-0.149644892
1195	A		1.395835291	-0.191904922	0.131600652
1196	A		0.502218002	-0.060335641	-0.173284234
1197	G		1.631033763	0.055215474	-0.285981146
1198	G		3.771168478	0.118333659	-0.576956064
1199	A		1.498103486	0.101664095	-0.179539432
1200	A		4.298977416	0.110208564	-0.417713758
1201	U		0.520885194	0.077798948	-0.492588679
1202	U		2.890727121	0.066206352	-0.213988388
1203	G		4.678561003	-0.230518129	0.047631581
1204	A		1.398670158	-0.157917687	8.42937E-06
1205	C		0.96755924	-0.116115388	-0.35094624
1206	G		1.355386584	0.064701572	-0.20589524
1207	G		0.443958044	-0.042417361	-0.120081622
1208	A		0.364316376	-0.056162966	0.369589862
1209	A		0.515785781	0.034097243	-0.491951638
1210	G		0.498892282	0.041291296	-0.108322181
1211	G		0.506757976	-0.052037543	-0.123431542
1212	G		0.29023357	0.092256407	-0.260028049
1213	C		0.80164096	0.06593194	-0.25665927
1214	A		4.301693266	-0.59991669	0.944350435
1215	C		0.362994104	0.051766057	-0.249178474
1217	A		2.851109947	-0.406514958	0.059466382
1218	C		0.400620058	-0.089788754	-0.175915517
1219	C		0.230727648	0.050380163	-0.17572988
1220	A		0.324447902	-0.022535776	-0.123222382
1221	G		1.057813151	0.065433497	-0.346246164
1222	G		3.740502524	0.099188249	-0.468884104
1223	A		0.575010327	0.035128592	-0.264005522
1224	G		1.427838646	0.045113032	-0.293583954
1225	U		1.569837892	0.060082612	-0.546585366
1226	G		2.713360889	-0.2556964	-0.142843036
1228	A		0.08182465	-0.106283065	0.002003503
1229	G		0.815582309	0.10014421	-0.413016169
1231	C		3.877521484	-0.647811227	0.274178072
1232	U		8.739334886	0.733683402	-0.654273744
1233	G		1.257300706	-0.201522302	-0.181141134
1234	C		0.466814064	-0.305715677	-0.201617069
1235	G		6.223747912	0.354384127	-0.909351266
1237	C		0.077180818	-0.031938163	0.065891896
1238	U	Psi	4.266142254	0.714217139	-0.728116153
1239	U		4.525773897	-0.482589091	-0.207881179
1240	A		4.64416451	-0.298924379	0.481119638
1241	A		7.756230497	0.312296368	-0.302571457
1242	U		5.064234214	0.304438033	0.120646111
1243	U		0.938883336	-0.134114228	0.620841576
1244	U	Psi	8.63617149	0.89277202	-1.631614045
1246	A		7.434377183	-5.280091077	0.577175878
1247	C		8.274350597	-3.040379326	-0.595673542
1249	C		0.151961771	0.056305353	0.134469842
1250	A		3.104746475	0.186150585	0.145051192
1251	A		8.812368965	0.885208315	-1.637447927
1252	C		8.535120427	0.420361693	-0.064697241
1253	A		2.889483065	0.163646477	0.138531286
1254	C		0.112014404	0.016416918	-0.16230888
1255	G		2.48092456	0.107727261	-0.283680219
1256	G		1.475434137	0.087363387	-0.218746311
1257	G		1.782198549	-0.211653225	0.373007311
1258	A		0.463163606	-0.057726788	-0.048926186
1259	A		5.995371861	-0.308176618	0.336959058
1260	A		3.124928442	-0.337911385	0.048369364
1261	C		0.238922568	0.048448361	-0.261000992
1262	C		0.255071427	0.013364523	-0.420063552
1263	U		2.526172443	0.090625804	-0.410807198
1265	A		2.549214358	-0.081833702	-0.14643039
1266	C		1.35610603	-0.168695223	0.130776348
1267	C		3.552742192	-0.08330864	-0.277319188
1268	C		1.76669657	0.122826337	0.144537853
1269	G		3.207923505	0.155276207	-0.183800285
1270	G		3.143009261	0.341628432	-0.108336026
1271	C		1.211920815	-0.225158342	0.085321137
1272	C	Nm	4.9549373	0.675773601	-1.134965682
1273	C		1.133160755	-0.149986497	0.161409568
1274	G		4.689876297	0.307558744	-0.423088642
1275	G		0.731148679	-0.055194532	-0.241404726
1276	A		0.517232844	-0.05059889	0.007193574
1277	C		3.92361548	-0.106199703	-0.012568303
1278	A		0.08262746	-0.005781252	-0.248327947
1279	C		1.504475058	-0.16676097	-0.103963511
1280	G		0.742802295	-0.108638295	-0.124413381
1281	G		1.243944812	0.091502979	-0.364086978
1282	A		2.66104874	0.16034301	-0.247671053
1283	C		3.467705159	-0.120626214	0.197921305
1284	A		0.846811044	-0.076618186	-0.335876409
1285	G		2.203608566	-0.304289854	-0.110038035
1286	G		2.870837745	-0.205203046	0.566845045
1287	A		8.608585233	0.530654382	-0.394799972
1288	U	Nm	4.780302204	0.828154198	-1.248464777
1289	U		7.141967668	0.171205118	-0.025329123
1290	G		8.254789534	0.714376629	-1.240352176
1291	A		2.112548609	0.128371665	-0.264795301
1292	C		1.981447032	-0.372222781	0.429019929
1293	A		1.693378767	0.169461169	-0.121466964
1294	G		0.829258028	-0.051282731	-0.096381963
1295	A		1.139361117	-0.113074866	-0.068559484
1296	U		0.410203418	-0.067634139	-0.311864374
1297	U		1.917166624	0.113994466	-0.150090748
1298	G		0.547253067	0.044368682	-0.675630951
1299	A		2.432945766	0.096865726	-0.133747187
1300	U		0.041614124	-0.005291757	-0.197542234
1301	A		0.185994559	-0.040134939	0.05061661
1302	G		0.727546488	-0.082131928	-0.276767887
1303	C		0.302297912	-0.057155515	-0.302527213
1304	U		0.300910901	-0.028236593	-0.328062524
1305	C		1.961502428	-0.372020483	0.132464342
1306	U		1.123574447	-0.244837732	0.025553026
1307	U		0.850248463	-0.03551735	0.056904515
1308	U		4.141214192	0.46274936	-0.397725646
1309	C		0.784039259	-0.066044681	0.022723705
1310	U		0.310211096	0.036157656	-0.556292739
1311	C		0.946718362	0.17227185	-0.213119447
1312	G		1.717529084	0.242288446	-0.426447349
1313	A		1.010953169	0.04995541	0.167509038
1314	U		0.010594987	-0.000482101	-0.306142427
1315	U		2.682403315	0.244487092	-0.345799191
1316	C		1.02692795	-0.065970965	-0.066357961
1317	C		4.044224331	-0.190503267	0.31739621
1318	G		4.664415917	-0.080692091	-0.118889473
1319	U		3.438813284	-0.089674551	0.003102584
1320	G		3.07395576	0.148024537	-0.387088046
1321	G		4.46115815	-0.414588461	0.04493202
1322	G		0.866787554	0.121517828	-0.499013319
1323	U		3.591965148	0.096461541	-0.0666854
1324	G		3.158035264	-0.287689685	0.854131606
1325	G		0.306993779	-0.042459535	0.920021908
1326	U	Nm	11.66927367	0.907230845	-1.620784567
1327	G		3.539318285	0.186244333	1.559775028
1328	G	Nm	5.097341046	0.972265956	-0.766974394
1329	U		0.427262206	0.040058557	0.469651473
1330	G		1.416084756	-0.203896001	-0.121300543
1331	C		2.543898586	0.351734187	-0.610939044
1332	A		1.393239375	-0.082627039	-0.003690906
1333	U		0.642122898	-0.011842245	-0.104295834
1334	G		2.083619601	0.080630086	-0.400282098
1335	G		1.732481557	0.280686835	-0.249688673
1336	C		6.641243698	0.72538801	-0.836454791
1337	C		0.23482913	0.038637148	-1.615561889
1338	G		1.049813321	-0.063888769	-0.514542848
1339	U		2.03455077	0.182169049	-0.124268887
1340	U		1.111223177	0.097021739	-0.428959239
1341	C		0.333385742	-0.023744519	0.095013372
1342	U		0.139312175	-0.02260598	0.416489488
1343	U		1.611842021	-0.166231337	0.183235508
1344	A		0.175506738	0.01629892	0.042446646
1345	G		1.192898382	0.055738741	0.155494146
1346	U		7.126612484	-0.761897666	0.630224494
1347	U	Psi	7.32345289	0.847335528	-1.745527135
1348	G		2.660182994	0.167831264	-0.067184204
1349	G		0.496654191	-0.025339627	-0.053373606
1350	U		0.079650761	0.003151814	-0.107808481
1351	G		0.750724947	0.062971352	-0.344289343
1352	G		0.172130498	-0.031642972	-0.16894804
1353	A		3.487472629	-0.080811812	-0.192993287
1354	G		3.271195202	-0.097907428	-0.526552038
1355	C		0.055418571	0.005524292	-0.337957239
1356	G		1.206628962	0.13615909	-0.174500438
1357	A		1.746065878	0.161634137	-0.301124082
1358	U		1.109732227	-0.034067136	0.068781864
1359	U		0.901275554	0.089742148	-0.222992423
1360	U		0.223208302	0.011892728	0.187832002
1361	G		1.588212713	0.08360844	-0.27205993
1362	U		0.670118896	0.032081547	-0.226371961
1363	C		2.206561051	0.103294288	-0.121263719
1364	U		1.216404196	0.083563003	-0.395650195
1365	G		0.669313231	0.070335528	-0.115065536
1366	G		1.785744694	0.16951114	0.230170314
1367	U	Psi	4.409250904	0.551779079	-0.609331779
1368	U		0.09736891	0.019874198	-0.251355226
1369	A		0.166603429	-0.009912474	0.053790118
1370	A		1.826878347	-0.084065873	0.068448417
1371	U		0.644901376	-0.038431509	-0.400729531
1372	U		2.338375077	-0.174589193	-0.116404354
1373	C		2.694266366	-0.252095235	0.027889878
1374	C		1.597378004	0.208285387	-0.208644781
1375	G		3.846495473	0.301796576	-0.446024728
1376	A		1.794232187	0.18896825	0.036790212
1377	U		3.723562508	-0.223091657	-0.04412007
1378	A		3.039208282	-0.168033511	0.139050054
1379	A		3.294659009	-0.230361223	0.141415656
1380	C		3.769415551	-0.526929283	0.69981775
1381	G		5.681065987	-0.188710812	0.002098902
1382	A		7.446306079	0.742006504	-1.277268388
1384	C		1.363915198	0.181624515	-0.038806162
1385	G		1.607524512	0.494763561	-0.690092453
1386	A		2.066302311	0.081847219	-0.401987358
1387	G		5.150434773	0.476936192	-0.746851647
1388	A		0.466006415	-0.080447893	-0.282660771
1389	C		2.432525434	0.071637636	-0.004050501
1390	U		3.735018863	0.092201122	1.370477218
1391	C	Nm	6.763931609	1.007214694	-2.442177499
1392	U		0.886589421	0.163496072	0.282753494
1393	G		9.577232292	0.434496378	-0.763195834
1394	G		0.33454709	0.054473223	-0.32416629
1395	C		1.962270324	-0.351843819	0.062839342
1396	A		0.326281355	-0.056282399	-0.064689231
1397	U		3.108256039	-0.185986256	-0.102420961
1398	G		0.302816531	0.031300373	-0.351037106
1401	A		0.283394993	-0.025480612	-0.097024862
1402	A		1.785683083	0.067369595	-0.274636037
1403	C		0.192660572	-0.02598322	-0.189853939
1404	U		0.082950477	0.013169259	0.067762091
1405	A		0.330283532	0.087910209	-0.099447782
1406	G		3.360204198	0.111225875	-0.388651859
1407	U		1.063965544	0.079556	-0.36400808
1408	U		1.60782818	-0.269079934	0.478301398
1409	A		0.677359852	-0.076535544	-0.489068623
1410	C		3.717439601	-0.2439665	0.219844829
1411	G		1.435734034	-0.038062251	-0.342239606
1412	C		0.879288199	-0.173432823	-0.153919403
1413	G		0.140988018	0.012628901	-0.422011035
1414	A		0.096663428	0.011998018	-0.122237764
1415	C		0.115511938	-0.027062562	-0.096727411
1416	C		0.186465961	0.016587258	-0.193908014
1418	C		0.470241225	0.066582428	-0.201437706
1419	C		1.242342953	-0.131397334	-0.081979691
1421	A		0.860022948	-0.093459652	-0.210953659
1422	G		1.006529899	-0.103194274	-0.361184263
1423	C		1.914355656	-0.661710356	0.239559315
1424	G		0.760623546	-0.084096512	-0.09300182
1425	G		4.560921318	-0.341718329	0.052901092
1426	U		4.569790355	-0.371266811	-0.200193003
1427	C		4.4564468	-0.344688456	0.12504587
1428	G		0.461470388	-0.617558048	0.109160967
1429	G		2.543578633	-0.446689067	0.01532847
1430	C		1.203027156	-0.111581517	-0.037729015
1431	G		1.386747304	-0.030535271	-0.252340905
1432	U		0.049745923	-0.010565636	-0.144017403
1433	C		0.088734057	0.023153968	-0.074783168
1434	C		0.291301511	0.085795008	-0.287056019
1437	C		4.671887357	-0.793709646	0.694378259
1438	A		5.717617367	-0.696606025	1.113451601
1439	A		4.354167718	0.217770524	-0.085180496
1440	C		0.98577385	-0.131749786	-0.839028359
1441	U		1.056762494	-0.162271505	0.41481528
1442	U	Nm	10.30220921	0.965134994	-1.474426996
1443	C		6.138100326	-0.92447952	1.027739612
1444	U		0.523950862	-0.092210323	0.126622149
1445	U	Psi	4.403525975	0.856394445	-1.517473189
1446	A		4.226437045	0.275221468	-0.128072581
1447	G		6.272562924	0.713787568	-1.244073729
1448	A		0.28069877	-0.015333939	0.398427966
1449	G		0.094385722	-0.018157381	-0.526457877
1450	G		1.283566288	0.20088355	-0.44280553
1451	G		3.050158839	-0.722909818	0.10840444
1452	A		2.627804188	-0.292421467	0.095893483
1453	C		1.194958413	-0.109402413	-0.030352169
1454	A		4.406255044	-0.218394047	0.445479967
1455	A		0.42885745	-0.08616322	-0.062175251
1456	G		0.13286864	0.008767963	-0.296342215
1457	U		0.251816732	0.035865797	-0.355179017
1458	G		2.266941188	0.133121974	-0.407561039
1459	G		0.593892598	0.150949457	-0.356177131
1460	C		1.135694672	0.094851349	-0.328413326
1461	G		1.296437916	0.064340585	-0.194468952
1462	U		5.59451449	0.176179684	-0.489311347
1463	U		0.058433119	-0.004994946	-0.267518184
1465	A		0.928348528	-0.129209551	0.937479684
1466	G		0.70622396	0.227084047	-0.345846414
1469	A		1.877245483	-0.132109632	0.00437825
1470	C		0.575820764	0.060205015	-0.353312804
1471	C		0.286847022	-0.097410727	-0.190214634
1472	C		2.188079491	-0.087737714	-0.10408652
1473	G		1.854042615	-0.216938793	-0.105514603
1474	A		1.228299815	-0.087512195	-0.136278652
1476	A		0.679147599	0.120630612	-0.268952731
1477	U		0.385836903	-0.040631853	-0.324609864
1478	U		1.134904018	-0.066813468	-0.041071561
1479	G		0.551754506	-0.056516034	-0.173575073
1480	A		1.780785761	-0.160126061	0.027908908
1481	G		0.855520875	0.432567066	-0.29094481
1482	C		0.159519098	0.018519618	-0.2246494
1483	A		2.631025522	-0.109110293	0.195524528
1484	A		0.082621068	0.016163998	0.106188118
1485	U		0.832499596	-0.065363784	-0.132734038
1486	A		6.297180875	-0.231200345	-0.292804272
1487	A		2.295218582	-0.131126322	-0.249303727
1488	C		2.876377128	0.207055472	-0.056143212
1489	A		3.946503697	0.517632699	-0.464453451
1490	G	Nm	6.980696491	0.922421059	-0.829081503
1491	G		2.05770219	-0.194929639	0.451705826
1492	U		0.531666158	0.052823476	-0.420515109
1493	C		2.677398506	-0.310189285	-0.081827902
1494	U		0.169524743	-0.013590382	-0.036818415
1495	G		0.13879293	-0.009970368	-0.218970772
1496	U		0.270132218	0.039267251	-0.503151518
1497	G		1.182265326	0.066439524	-0.0450776
1498	A		0.131608093	-0.012277134	-0.077316227
1499	U		1.730881453	-0.089128035	0.598963416
1500	G		0.266703809	0.026891572	-0.302092673
1501	C		0.341559085	0.086183698	-0.192957633
1502	C		1.598880948	-0.094508745	0.19643328
1503	C		0.380659609	0.083121444	-0.102403026
1504	U		1.721257466	0.186467286	-0.392708214
1505	U		0.375035601	0.058831141	-0.516768512
1506	A		0.061959844	0.007043145	-0.450531895
1507	G		2.482865222	-0.029711888	-0.084305569
1508	A		2.305505018	-0.061414074	-0.000496142
1509	U		2.395166534	-0.18144287	-0.174295586
1510	G		1.192125674	-0.090667168	-0.202972349
1511	U		0.558339571	-0.096918475	-0.112641616
1512	C		2.660465702	-0.173902513	-0.053245088
1513	C		0.130891046	-0.017699939	-0.265158948
1514	G		0.570105478	-0.034498839	-0.19680747
1515	G		1.255876601	0.092159691	-0.291659644
1516	G		1.339737789	-0.055277386	-0.49356606
1517	G		0.083131756	-0.044481563	-0.107802978
1518	C		1.505838836	-0.280201276	-0.040267814
1519	U		6.583730139	-0.330491033	0.152632222
1520	G		0.538392829	-0.462741301	-0.038695937
1521	C		1.840151344	-0.375174026	-0.012816466
1522	A		1.051636679	-0.093226387	0.318276417
1523	C		1.584341326	-0.115993728	-0.065532217
1524	G		1.044463058	0.022852754	-0.120938152
1526	G		0.59622698	0.117092611	-0.299695834
1528	G		2.61124567	0.298074945	-0.462028422
1530	U		0.214604045	0.02904098	-0.384334259
1531	A		1.234406477	-0.074249016	0.033840676
1532	C		3.39529548	0.072850027	-0.301616965
1533	A		2.352283406	-0.124572359	0.596581019
1534	C		0.673937042	0.054502745	-0.522448497
1535	U		0.185233038	0.02363325	-0.415956835
1536	G		4.167615336	0.059460963	-0.254595941
1537	A		0.288890938	-0.041365863	-0.223317906
1538	C		0.22276529	-0.039729181	0.857558669
1539	U		0.267716865	-0.015713748	0.141630427
1540	G		1.456583752	-0.093129236	-0.410254345
1541	G		1.085947468	0.222627501	-0.365102064
1542	C		4.024325317	-0.772802559	0.927400927
1543	U		0.082898631	-0.005407651	-0.497387743
1544	C		2.385506534	-0.43089663	0.03310972
1545	A		3.857116436	-0.271107987	0.165956867
1546	G		2.11452904	-0.222106943	-0.38552219
1547	C		1.49283443	-0.371806481	0.078568006
1548	G		2.492294387	-0.148211727	-0.12125973
1549	U		0.939761327	-0.253774666	0.195764826
1550	G		2.454748599	-0.1967534	-0.130807476
1551	U		3.247532896	-0.729259714	0.231995658
1552	G		0.701619037	-0.050618199	-0.319693784
1555	U		3.878271577	-0.201452766	-0.237720634
1556	A		6.340017247	-0.252240453	0.227789607
1557	C		2.437862043	0.05794691	-0.39455693
1559	C		1.56735556	0.171956674	-0.366053461
1560	U		1.513391008	0.260330813	-0.752550486
1561	A		1.869197147	-0.219838304	0.785555016
1562	C		2.703889725	-0.109266519	-0.315311976
1563	G		0.793400077	0.110343073	-0.528631212
1564	C		1.428709702	-0.147051487	-0.213639538
1565	C		1.893683105	-0.213380295	-0.174703597
1566	G		2.543294314	0.134125226	-0.319084877
1567	G		4.024224766	0.203131233	-0.519014886
1568	C		0.884947251	-0.126582496	-0.108887386
1569	A		0.383514646	-0.071769125	0.194264395
1570	G		1.110517797	-0.11561997	-0.394074261
1572	C		1.692639463	-0.089123377	-0.046439638
1573	G		0.09097346	-0.088960667	-0.159794661
1574	C		1.855397333	-1.345034555	0.83831675
1575	G		1.798104919	0.138664449	-0.444565285
1576	G		0.50008967	0.116766052	-0.267623115
1577	G		1.306500283	0.089368512	-0.415225865
1578	U		1.751371157	-0.235930583	-0.130359025
1579	A		3.99618795	-0.214287304	0.284427385
1580	A		4.509834934	-0.452148466	0.155489587
1581	C		3.058865578	-0.311588193	0.009102508
1582	C		4.859648493	-0.32766883	-0.241702608
1583	C		3.343642443	-0.461218471	0.025995188
1584	G		0.203183435	-0.01502832	-0.252372542
1585	U		0.396781181	-0.049344629	-0.123392856
1586	U		0.330503649	-0.021844153	-0.506577275
1587	G		1.063333525	-0.095311506	-0.175773962
1588	A		0.696321267	-0.10571207	0.049821478
1589	A		2.359090907	-0.526758203	0.930268648
1590	C		1.706651336	-0.241184455	-0.059241256
1591	C		0.473549073	-0.078435645	-0.300015096
1594	A		5.478706845	-0.257298559	0.117558957
1595	U		0.733026333	0.067931317	-0.215625147
1596	U		0.00988479	0.001484121	-0.487932911
1597	C		0.046724949	0.005972527	-0.115104559
1598	G		0.181028746	0.007246399	-0.364783195
1599	U		0.419816546	-0.018539105	-0.352249671
1600	G		3.348860753	-0.364599152	0.79659507
1601	A		2.199970245	-0.09262043	0.094219546
1602	U		2.647539623	-0.111367587	-0.048999615
1603	G		1.790857654	-0.263418819	-0.038590938
1604	G		1.309890824	-0.105925244	-0.466959829
1605	G		1.48172369	-0.290695606	-0.215093147
1607	A		3.36094027	-1.61643342	1.40804327
1608	U		6.966349884	-0.776080046	0.106398441
1609	C		5.460145402	-0.356698969	0.334404969
1610	G		2.055962477	-0.168118398	-0.07950009
1611	G		0.040422443	-0.020684758	-0.315007033
1614	A		4.112192796	-0.132344848	0.051296524
1615	U		0.037395748	-0.003575211	-0.361466593
1616	U		0.915479939	-0.044879347	-0.266071937
1617	G		2.154405672	0.365687624	-0.348358896
1619	A		4.471318332	0.751893664	-1.572470907
1620	A		3.730686866	0.656970751	-0.799761258
1621	U		1.589945893	0.272219232	-0.534118964
1622	U		2.614927222	0.105101219	-0.26975823
1623	A		1.970506181	0.093668216	0.217774331
1624	U		5.054710163	-0.400499161	0.371619047
1625	U	Psi	11.18270337	0.749790294	-0.763215862
1626	C		2.44349351	-0.566542196	0.075558664
1627	C		0.264580306	-0.099809711	-0.468395331
1629	C		1.226260939	0.212624528	-0.199968253
1630	A		3.522288722	0.066528429	0.09900565
1631	U		0.045391692	0.003445856	-0.331350095
1632	G		3.193542745	-0.28531301	0.07284149
1633	A		3.401443684	-0.258088162	0.440596427
1634	A		0.302003519	-0.023158431	0.044853621
1635	C		0.463148048	-0.020861746	-0.292289149
1636	G		1.851402286	0.097819112	-0.278825856
1637	A		4.383757713	-0.272545628	0.241715677
1638	G		8.704788673	-0.867719981	0.303692375
1639	G		2.46904614	-0.484626781	-0.466380055
1640	A		6.314722219	-0.303888895	0.312359023
1641	A		0.894621205	0.102805364	0.768762794
1642	U		0.471476646	0.090678059	-0.219344344
1643	U	Psi	8.869354313	0.827753587	-0.905306998
1644	C		0.545559278	-0.243569737	-0.1383627
1645	C		2.679637884	-0.125356121	-0.26789709
1646	C		1.274900349	-0.214121879	-0.235997584
1647	A		1.612221394	-0.208023409	0.054670925
1648	G		1.443338632	-0.013565561	-0.383524318
1649	U		3.713575135	-0.169647452	-0.164451853
1650	A		1.376003535	-0.116668269	0.040859568
1651	A		0.173219273	-0.089079888	-0.041380969
1652	G		1.756478951	-0.079711049	-0.392913991
1653	U		0.100697622	0.004774627	-0.181371678
1654	G		0.564165592	0.020211702	-0.426623714
1655	C		1.117465424	-0.058827749	-0.140855669
1656	G		0.03730204	-0.004250448	-0.294951425
1657	G		0.429756674	-0.0835452	-0.199129655
1658	G		6.142022052	1.00690825	-0.639343335
1659	U		1.744476348	-0.623585229	0.073132187
1660	C		1.973765322	-0.15139936	0.152507756
1661	A		3.674389375	-0.084590372	0.212501301
1662	U		2.427548661	-0.17513955	0.604124957
1663	A		4.139682592	-0.322973809	0.113461758
1664	A		2.35640622	-0.35445004	0.014450012
1665	G		2.963841889	-0.39596365	-0.012848809
1666	C		0.29447704	-0.04472598	-0.220356447
1667	U		0.792004229	0.027009493	-0.423294733
1668	U		2.070202988	-0.05410541	-0.297286867
1669	G		3.04962159	-0.307387605	-0.149558612
1670	C		3.550641081	-0.300607114	-0.050673853
1671	G		1.576650724	-0.029628074	-0.164858611
1672	U		1.2500415	-0.098123908	-0.10173671
1673	U		2.49845582	-0.261803564	-0.152164454
1674	G		6.403390993	-0.248393043	-0.204841058
1675	A		3.03727001	-0.076052302	-0.470586528
1676	U		1.038589209	-0.107058567	0.399618648
1677	U		1.871452073	0.176747987	0.137015864
1678	A	Nm	7.551109127	0.705913652	-0.572954882
1679	A		0.130951752	0.022614221	-0.038137605
1680	G		4.382197067	0.258281354	-0.532426418
1681	U		0.408750686	0.078073062	-0.3512045
1682	C		1.914680092	0.165138002	-0.475492716
1683	C		3.000898605	0.149895686	-0.136987498
1684	C		2.93854694	-0.379195034	0.022075823
1685	U		4.658279364	-0.553981275	0.049953082
1686	G		1.98328569	-0.221168646	0.08776542
1687	C		1.34252387	0.084836037	-0.215166426
1688	C		2.697373713	-0.18337684	-0.105267202
1689	C		3.542551138	1.003808057	-0.275980177
1690	U		3.921846686	0.153540572	0.290406607
1691	U		7.603089626	-0.746393877	0.145154317
1692	U	Psi	9.940492435	0.898822658	-1.855538454
1693	G		2.992132668	-0.268517608	0.377385709
1694	U		1.412755208	0.119660452	-0.52958654
1695	A		2.290955535	0.2492941	-0.493931209
1696	C		1.638850335	0.105044657	-0.278425125
1699	A		1.800064018	-0.130374364	-0.459294626
1700	C		2.37349347	-0.733796737	0.057907908
1701	C		4.160411396	-0.409861837	-0.246347171
1702	G		4.678285536	0.211116993	0.049483262
1703	C	Nm	5.646326149	0.98362405	-1.006984134
1704	C		5.30130392	0.232612281	-0.492203662
1705	C		3.399411645	0.397052669	-0.710626383
1706	G		0.274987335	0.031006181	-0.495959064
1707	U		1.627055507	0.101798014	-0.384570641
1708	C		0.322755806	-0.059766453	-0.133436507
1709	G		0.737217256	0.059684231	-0.38174502
1711	U		1.902238882	0.132350811	-0.576319295
1712	A		1.463369596	0.114041012	-0.286575019
1714	U		1.310697705	0.09165019	-0.494925858
1715	A		0.755941014	0.035903203	0.015890409
1716	C		1.847812771	-0.153823407	-0.493078356
1717	C		1.235835036	-0.261951823	-0.204727468
1718	G		0.792860978	-0.059862853	-0.240123142
1719	A		0.511090403	-0.026254733	-0.053231888
1720	U		1.454819764	-0.161430223	-0.380712441
1721	U		2.536225633	-0.124758597	-0.482354678
1722	G		0.498206675	-0.024218328	-0.266515823
1723	G		1.294589516	-0.094738391	-0.196924123
1724	A		2.031000075	-0.090362306	-0.12239543
1725	U		3.027636286	-0.133312058	-0.400897308
1726	G		0.884787609	0.076547119	-0.456230945
1727	G		1.735324923	-0.2456446	0.073057609
1728	U		0.025879149	0.002807886	-0.084059888
1729	U		0.971381924	-0.101483796	-0.26258236
1731	A		2.019521269	-0.249132179	-0.008295304
1732	G		3.764906087	-0.167942786	-0.199194941
1733	U		2.974465674	-0.143843923	-0.347570911
1734	G		2.548126805	-0.25190742	-0.148655377
1735	A		3.063848756	-0.137850769	-0.116026056
1736	G		3.174988521	-0.080615182	-0.476609384
1737	G		2.122944916	-0.16964038	-0.247829116
1738	C		0.04291406	-0.003516458	-0.351956934
1739	C		2.370796654	-0.296554064	-0.107714144
1740	C		2.999688523	-0.293655847	0.033163504
1741	U		2.107962543	-0.149220147	-0.21801483
1742	C		3.165085168	-1.714198602	0.845569815
1743	G		1.47274513	-0.124437194	-0.32051886
1745	A		3.008412981	-0.17361649	0.128690932
1746	U		4.111270095	-0.140760046	-0.424439753
1747	C		3.223376501	-0.240280804	-0.138200872
1748	G		1.82744196	-0.074555768	-0.312807897
1749	G		5.566588174	1.27768178	-0.262613914
1751	C		0.747955794	0.119566149	-0.316363877
1762	C		2.563433567	-0.336130685	0.03458028
1763	G		1.328080598	-0.130303832	-0.326492302
1764	G		2.09510585	-0.205046167	-0.311555584
1765	C		1.980750988	0.148755313	-0.443186192
1766	C		1.123077597	-0.124180956	-0.271518518
1767	C		1.357524924	-0.279020073	0.15570448
1768	A		1.189493896	-0.315190576	-0.161938628
1769	C		1.899210789	-0.336466045	0.06277604
1776	G		0.16725203	-0.041798153	-0.221892465
1783	C		0.027702534	0.012075056	0.153135105
1784	G		0.829382331	0.356643646	-0.223250653
1785	C		1.281444229	-0.120641861	-0.195725999
1786	U		0.313637058	0.065068522	-0.526939505
1787	G		0.425172643	-0.067132909	-0.283928117
1788	A		1.914518388	-0.096116677	-0.19891004
1789	G		0.704543399	-0.097220595	-0.128096498
1790	A		3.658566265	-0.17723181	-0.032617816
1791	A		0.832828915	-0.141388876	-0.020218669
1792	G		3.274144758	-0.125580048	-0.346716258
1793	A		1.961816237	-0.301408072	0.145994796
1794	C		2.67005434	-0.424653378	-0.186974436
1795	G		0.143665516	-0.026564664	-0.176200412
1796	G		1.723708601	-0.244926663	-0.053733314
1797	U		3.142614595	-0.202139149	-0.409605528
1798	C		1.659130211	-0.256476608	0.11000508
1800	A		1.682451784	-0.266192749	0.348593296
1801	A		2.871267655	-0.401641992	-0.030411718
1802	C		0.293247664	0.017874506	-0.909282417
1803	U		0.368246741	0.08053227	0.560303196
1804	U	Nm	5.739673278	0.923761323	-1.337679792
1805	G		0.878285892	-0.114321829	0.910561868
1806	A		0.392273042	-0.055510422	0.082428484
1807	C		0.147245529	0.024607366	-0.361561141
1808	U		2.080953095	0.165894777	-0.367574482
1809	A		2.281775847	-0.488601582	1.39569548
1810	U		2.043745101	0.196361913	-0.443064331
1811	C		0.865814288	-0.220606908	-0.00156599
1812	U		1.093751344	-0.327071862	0.157238055
1813	A		1.556835574	0.122137961	-0.096293616
1814	G		0.043584699	0.002222257	-0.115381206
1815	A		0.913032325	0.18440789	-0.506224526
1816	G		0.072340542	-0.016762438	-0.140847705
1817	G		4.465820267	-0.236524454	-0.117282149
1818	A		7.966402916	-0.306420059	0.390899413
1819	A		0.039880139	-0.029351267	-0.128055741
1820	G		1.191391091	-0.29989073	0.114528358
1821	U		0.199423917	0.016716877	-0.065130863
1822	A		0.921856503	-0.202319839	0.178100297
1823	A		1.650650431	0.110032321	-0.261532798
1824	A		0.111107198	-0.020752696	-0.310163664
1825	A		0.101471684	0.031100473	-0.537108051
1826	G		5.593480672	-0.38325037	0.58133799
1827	U		4.280061202	-0.325978212	-0.281291097
1828	C		3.267788226	0.14524076	-0.321558581
1829	G		0.183744435	-0.043477755	-0.086473505
1830	U		0.053005639	-0.021701269	-0.896331081
1831	A		5.560112262	-0.306535559	-0.015690385
1832	A		1.332126467	-0.191297144	-1.12720197
1833	C		0.798751535	-0.041847067	-0.483018564
1834	A		4.663855303	-0.484011756	0.17493475
1835	A		1.184573538	-0.11839196	-0.370395676
1836	G		1.846567984	-0.324390507	-0.235139082
1837	G		0.588103124	-0.396460942	-0.102704304
1838	U		2.00437839	-0.27900426	0.092537703
1839	U		2.551231496	0.18710912	0.982577084
1840	U		0.355634098	-0.089590907	-0.36395746
1841	C		5.612715791	0.545074237	-0.867203986
1842	C		0.029054543	-0.004845635	-1.508104539
1843	G		6.546684225	0.407864818	-0.50270076
1845	A		5.135564229	-2.342100596	0.312073242
1846	G		0.563838858	-0.549153624	-0.125460279
1847	G		4.030030501	0.614950913	-1.333782818
1848	U				-1.944945818
1850	A		3.46289826	-1.751056189	0.125057928
1851	A				-1.54222499
1854	U		3.283827543	-0.692928979	0.581614486
1855	G		0.687154498	-1.144713818	0.784917918
1856	C		1.467909351	-0.218013564	0.340799317
1857	G		0.092366457	0.037449711	0.022511223
1858	G		2.174754269	-1.008239609	0.148831093
1859	A		1.32896552	-0.353131338	0.76945183
1860	A		0.247102103	0.089152204	-0.841642126
1861	G		0.069450717	-0.044931339	0.217468315
1863	A		5.422961083	-1.283211026	1.522292782
1864	U		0.87239396	-0.263769242	0.327304755
1865	C		0.572472402	-0.057160118	1.225741312
